   Heap size   |   RAW     |   Optimize    |
-------------------------------------------|
      128      |   -----   |     -----     |
      256      |   -----   |      3161     |
      512      |   15182   |      2629     |
      600      |   13122   |      2541     |
      650      |   13486   |      2559     |
      700      |   15089   |      2749     |
      1024     |   13017   |      2749     |
      2048     |   12443   |      2733     |
      4096     |   13638   |      2933     |
      8192     |   18163   |      2478     |
